-90 306.286 4.57132e-41
-114 534.286 4.57132e-41
-116 587.714 4.57132e-41
-114 605.143 4.57132e-41
-122 610.286 4.57132e-41
-120 615.714 4.57132e-41
-132 610.571 4.57132e-41
-126 614.286 4.57132e-41
-132 614.571 4.57132e-41
-126 638.286 4.57132e-41
-134 637.143 4.57132e-41
-130 633.143 4.57132e-41
-130 638.286 4.57132e-41
-134 654.286 4.57132e-41
-136 642.571 4.57132e-41
-134 636 4.57132e-41
-134 641.143 4.57132e-41
-136 639.714 4.57132e-41
-130 645.143 4.57132e-41
-132 643.714 4.57132e-41
-128 652.857 4.57132e-41
-134 646.286 4.57132e-41
-144 634.571 4.57132e-41
-130 642.286 4.57132e-41
-136 631.714 4.57132e-41
-142 636 4.57132e-41
-134 642.286 4.57132e-41
-130 638.286 4.57132e-41
-126 642.286 4.57132e-41
-132 646.571 4.57132e-41
-132 652.857 4.57132e-41
-124 651.714 4.57132e-41
-68 670 4.57132e-41
-64 675.143 4.57132e-41
-62 680.571 4.57132e-41
-70 668.571 4.57132e-41
-64 675.143 4.57132e-41
-62 680.571 4.57132e-41
-58 678.857 4.57132e-41
-60 680.286 4.57132e-41
-66 682.857 4.57132e-41
-64 693.429 4.57132e-41
-58 704 4.57132e-41
-56 694.571 4.57132e-41
-82 684.571 4.57132e-41
-58 706.857 4.57132e-41
-74 689.714 4.57132e-41
-68 693.429 4.57132e-41
-68 697.429 4.57132e-41
-66 696 4.57132e-41
-68 692.286 4.57132e-41
-60 693.429 4.57132e-41
-68 697.429 4.57132e-41
-70 689.714 4.57132e-41
-80 675.143 4.57132e-41
-74 681.714 4.57132e-41
-70 669.714 4.57132e-41
-74 694.857 4.57132e-41
-66 692 4.57132e-41
-66 686.857 4.57132e-41
-110 670.286 4.57132e-41
-74 686.857 4.57132e-41
-70 692 4.57132e-41
-74 665.714 4.57132e-41
-78 681.714 4.57132e-41
-64 697.429 4.57132e-41
-66 708 4.57132e-41
-68 698.571 4.57132e-41
-74 698.857 4.57132e-41
-68 701.429 4.57132e-41
-76 700.286 4.57132e-41
-66 700 4.57132e-41
-28 696.857 4.57132e-41
-40 684.857 4.57132e-41
-34 678.286 4.57132e-41
-28 680.857 4.57132e-41
-38 675.429 4.57132e-41
-46 669.143 4.57132e-41
-36 660.857 4.57132e-41
-28 622 4.57132e-41
-26 414.286 4.57132e-41
-102 102 4.57132e-41
372 871.143 4.57132e-41
-146 793.143 4.57132e-41
-146 818.286 4.57132e-41
-178 801.714 4.57132e-41
-178 808.571 4.57132e-41
-138 832.571 4.57132e-41
-156 822.571 4.57132e-41
-154 834.286 4.57132e-41
-172 817.429 4.57132e-41
-160 831.714 4.57132e-41
-160 823.714 4.57132e-41
-166 830.857 4.57132e-41
-164 841.429 4.57132e-41
-164 833.429 4.57132e-41
-160 842.571 4.57132e-41
-154 849.143 4.57132e-41
-168 841.429 4.57132e-41
-164 843.714 4.57132e-41
-156 835.714 4.57132e-41
-160 843.714 4.57132e-41
-160 852.857 4.57132e-41
-158 846.286 4.57132e-41
-158 845.143 4.57132e-41
-170 849.143 4.57132e-41
-158 865.143 4.57132e-41
-160 843.714 4.57132e-41
-152 852.857 4.57132e-41
-150 866.286 4.57132e-41
-178 845.714 4.57132e-41
-150 872.571 4.57132e-41
-148 868.857 4.57132e-41
-158 893.714 4.57132e-41
-160 898 4.57132e-41
-178 869.143 4.57132e-41
-166 887.429 4.57132e-41
-164 890 4.57132e-41
-164 892.857 4.57132e-41
-174 881.143 4.57132e-41
-164 880.857 4.57132e-41
-184 879.714 4.57132e-41
-178 893.143 4.57132e-41
-170 886.286 4.57132e-41
-174 886.286 4.57132e-41
-178 889.143 4.57132e-41
-174 895.429 4.57132e-41
-178 885.143 4.57132e-41
-178 889.143 4.57132e-41
-182 869.143 4.57132e-41
-174 890.286 4.57132e-41
-178 877.143 4.57132e-41
-178 873.143 4.57132e-41
-164 868.857 4.57132e-41
-158 881.714 4.57132e-41
-158 863.429 4.57132e-41
-160 872.857 4.57132e-41
-144 867.143 4.57132e-41
-168 868.857 4.57132e-41
-146 819.429 4.57132e-41
-162 818.286 4.57132e-41
0 0 4.57132e-41
