***naget nvelec nvdet***
0 0 0
0 1 0
0 2 0 
0 3 0
0 4 0 
0 5 0
0 6 0 
0 7 0 
0 8 0 
0 9 0 
0 10 0 
0 11 1000
0 12 0 
0 13 0
0 14 0 
0 15 0
0 16 0 
0 17 0 
0 18 0 
0 19 0 
0 20 0 
0 21 0 
0 22 1000
0 23 0 
0 24 0
0 25 0 
0 26 0
0 27 0 
0 28 0 
0 29 0 
0 30 0 
0 31 0 
0 32 0
0 33 0 
0 34 0
0 35 0 
0 36 0
0 37 0 
0 38 0 
0 39 0 
0 40 0 
0 41 0 
0 42 0
0 43 0 
0 44 0
0 45 1000 
0 46 0
0 47 0 
0 48 0 
0 49 0 
0 50 0 
0 51 0 
0 52 0   
0 53 0 
0 54 0
0 55 0
0 56 1000
0 57 0
0 58 0
0 59 0
0 60 0
0 61 0
0 62 0
0 63 0
0 64 0
0 65 0
0 66 0
0 67 0
1 0 0
1 1 0
1 2 61 
1 3 0
1 4 59 
1 5 60
1 6 57 
1 7 58 
1 8 55 
1 9 56 
1 10 53 
1 11 1000
1 12 54 
1 13 51
1 14 52 
1 15 49
1 16 50 
1 17 47 
1 18 48 
1 19 45 
1 20 46 
1 21 43 
1 22 1000
1 23 44 
1 24 41
1 25 42 
1 26 39
1 27 40 
1 28 37 
1 29 38 
1 30 35 
1 31 36 
1 32 33
1 33 34 
1 34 31
1 35 32 
1 36 29
1 37 30 
1 38 27 
1 39 28 
1 40 25 
1 41 26 
1 42 23
1 43 24 
1 44 21
1 45 1000 
1 46 22
1 47 19 
1 48 20
1 49 17 
1 50 18 
1 51 15 
1 52 16   
1 53 13 
1 54 14
1 55 11
1 56 1000
1 57 12
1 58 9
1 59 10
1 60 7
1 61 8
1 62 5
1 63 6
1 64 3
1 65 4
1 66 1
1 67 2
2 0 0
2 1 0
2 2 0 
2 3 0
2 4 0 
2 5 0
2 6 0 
2 7 0 
2 8 0 
2 9 0 
2 10 0 
2 11 1000
2 12 0 
2 13 0
2 14 0 
2 15 0
2 16 0 
2 17 0 
2 18 0 
2 19 0 
2 20 0 
2 21 0 
2 22 1000
2 23 0 
2 24 0
2 25 0 
2 26 39
2 27 40 
2 28 37 
2 29 38 
2 30 35
2 31 36 
2 32 33
2 33 34
2 34 31
2 35 32 
2 36 29
2 37 30 
2 38 27 
2 39 28 
2 40 25 
2 41 26 
2 42 23
2 43 24 
2 44 21
2 45 1000 
2 46 22
2 47 19 
2 48 20 
2 49 17 
2 50 18 
2 51 15 
2 52 16   
2 53 13 
2 54 14
2 55 11
2 56 1000
2 57 12
2 58 9
2 59 10
2 60 7
2 61 8
2 62 5
2 63 6
2 64 3
2 65 4
2 66 1
2 67 2
3 0 0
3 1 0
3 2 0 
3 3 0
3 4 0 
3 5 0
3 6 0 
3 7 0 
3 8 0 
3 9 0 
3 10 0 
3 11 1000
3 12 0 
3 13 0
3 14 0 
3 15 0
3 16 0
3 17 0 
3 18 0 
3 19 0 
3 20 0 
3 21 0
3 22 1000
3 23 0 
3 24 81
3 25 0 
3 26 79
3 27 80 
3 28 77 
3 29 78 
3 30 75 
3 31 76 
3 32 73
3 33 74 
3 34 71
3 35 72 
3 36 69
3 37 70 
3 38 67 
3 39 68 
3 40 65 
3 41 66 
3 42 63
3 43 64 
3 44 61
3 45 1000 
3 46 62
3 47 59 
3 48 60 
3 49 57 
3 50 58 
3 51 55 
3 52 56   
3 53 53 
3 54 54
3 55 51
3 56 1000
3 57 52
3 58 49
3 59 50
3 60 47
3 61 48
3 62 45
3 63 46
3 64 43
3 65 44
3 66 41
3 67 42
